// Generated with Anaxi Tile Downloader
lat_north = 45.51789504294005
lat_south = 45.48324350868221
lon_east = -73.55621337890625
lon_west = -73.619384765625
datum_lat = 45.505556
datum_lat = -73.586674
