// Generated with Anaxi Tile Downloader
lat_north = 45.381090145612646
lat_south = 45.36565470886626
lon_east = -73.89129638671875
lon_west = -73.91876220703125
datum_lat = 45.375656
datum_lat = -73.904406
